Time		sd_Stabilization	RHOu_s		SL_s[cm/s]	x[m]		U[m/s]
1.25E-02	4.30118e+01		1.563729e+01	33.8654		7.44385e-03	6.08664e+00
1.3E-02		4.40638e+01		1.535469e+01	38.0731		7.56103e-03	5.86338e+00
1.35E-02	4.47738e+01		1.542442e+01	36.9965		7.41943e-03	5.40702e+00
1.4E-02		4.55124e+01		1.528945e+01	39.1031		7.03857e-03	4.93261e+00
1.45E-02	4.34151e+01		1.542494e+01	36.9886		6.43799e-03	4.20382e+00
1.5E-02		4.19609e+01		1.535741e+01	38.0208		5.68115e-03	3.54247e+00
1.55E-02	3.75392e+01		1.531840e+01	38.6434		4.83643e-03	2.81023e+00
1.6E-02		3.04459e+01		1.533380e+01	38.4006		3.99170e-03	2.31991e+00
1.65E-02	2.68609e+01		1.540778e+01	37.2512		3.22021e-03	1.78477e+00
1.7E-02		2.00169e+01		1.539804e+01	37.401		2.60498e-03	1.73668e+00
1.75E-02	1.90652e+01		1.361478e+01	79.0924		2.15088e-03	1.46695e+00
1.8E-02		1.78211e+01		1.363206e+01	76.993		1.82373e-03	1.86916e+00
1.85E-02	1.90793e+01		1.360298e+01	80.4752		1.75049e-03	2.15715e+00
1.9E-02		1.83528e+01		1.351314e+01	91.0816		1.92627e-03	3.02389e+00
1.95E-02	1.94569e+01		1.369571e+01	69.8211		2.44385e-03	3.39036e+00
2.0E-02		1.78371e+01		1.357024e+01	84.5367		3.31787e-03	4.44844e+00
2.05E-02	2.27397e+01		1.370380e+01	68.9376		4.52881e-03	5.01209e+00
2.1E-02		3.38610e+01		1.562936e+01	33.9778		5.77881e-03	5.47832e+00
2.15E-02	3.88533e+01		1.547522e+01	36.2279		6.51123e-03	5.90232e+00
2.2E-02		4.06923e+01		1.569461e+01	33.0625		7.07764e-03	6.07133e+00
2.25E-02	4.30170e+01		1.563733e+01	33.8649		7.44385e-03	6.08689e+00
2.3E-02		4.40627e+01		1.535469e+01	38.0731		7.56103e-03	5.86341e+00
2.35E-02	4.47700e+01		1.542442e+01	36.9965		7.41943e-03	5.40690e+00
2.4E-02		4.54983e+01		1.528945e+01	39.1031		7.03857e-03	4.93206e+00
2.45E-02	4.33953e+01		1.542490e+01	36.9891		6.43799e-03	4.20308e+00
2.5E-02		4.19584e+01		1.535741e+01	38.0208		5.68115e-03	3.54123e+00
2.55E-002	3.75E+001		1.53E+001	38.6434		4.84E-003	2.81E+000
2.60E-002	3.04E+001		1.53E+001	38.4006		3.99E-003	2.32E+000
2.65E-002	2.68E+001		1.54E+001	37.2503		3.22E-003	1.79E+000
2.70E-002	2.00E+001		1.54E+001	37.401		2.60E-003	1.74E+000
2.75E-002	1.91E+001		1.36E+001	79.0871		2.15E-003	1.47E+000
2.80E-002	1.78E+001		1.36E+001	76.993		1.82E-003	1.87E+000
2.85E-002	1.91E+001		1.36E+001	80.4716		1.75E-003	2.16E+000
2.90E-002	1.83E+001		1.35E+001	91.0816		1.93E-003	3.02E+000
2.95E-002	1.94E+001		1.37E+001	69.8259		2.44E-003	3.39E+000
3.00E-002	1.78E+001		1.36E+001	84.5367		3.32E-003	4.44E+000
3.05E-002	2.27E+001		1.37E+001	68.9425		4.53E-003	5.01E+000
3.10E-002	3.39E+001		1.56E+001	33.9778		5.78E-003	5.48E+000
3.15E-002	3.88E+001		1.55E+001	36.2296		6.51E-003	5.90E+000
3.20E-002	4.07E+001		1.57E+001	33.0625		7.08E-003	6.07E+000
3.25E-002	4.30E+001		1.56E+001	33.8654		7.44E-003	6.09E+000