  16.0000    1.0000
   27.0000   -0.5670
   40.0000   -0.2985
   48.0000   -0.2607
   14.0000   -0.2587
  132.0000   -0.2265
   38.0000   -0.1605
   53.0000   -0.1530
   21.0000   -0.1365
  133.0000   -0.1109
    9.0000   -0.1046
   64.0000    0.0992
   13.0000   -0.0945
  138.0000    0.0910
   42.0000    0.0850
   49.0000   -0.0768
   47.0000    0.0734
   26.0000    0.0700
    1.0000    0.0638
   17.0000   -0.0575
  136.0000    0.0522
   34.0000   -0.0419
   10.0000   -0.0316
  165.0000   -0.0255
   52.0000   -0.0251
  130.0000   -0.0213
   68.0000   -0.0199
   82.0000   -0.0181
   18.0000   -0.0179
   15.0000   -0.0176
   91.0000   -0.0143
    3.0000   -0.0134
   94.0000    0.0128
  173.0000    0.0114
   20.0000   -0.0104
   86.0000   -0.0082
  164.0000    0.0081
  134.0000   -0.0071
  144.0000   -0.0070
  116.0000   -0.0068
   80.0000   -0.0067
  168.0000   -0.0061
   28.0000   -0.0061
  151.0000    0.0057
   11.0000   -0.0057
  156.0000    0.0055
  169.0000   -0.0052
  174.0000    0.0047
   32.0000   -0.0047
   76.0000    0.0044
   25.0000   -0.0041
   24.0000   -0.0040
  131.0000   -0.0039
   71.0000   -0.0036
  128.0000   -0.0032
   35.0000   -0.0031
   60.0000   -0.0031
  147.0000   -0.0027
  157.0000   -0.0026
   55.0000   -0.0026
   30.0000   -0.0026
   50.0000    0.0023
   43.0000    0.0023
  172.0000    0.0022
  107.0000   -0.0020
   54.0000   -0.0018
  127.0000   -0.0016
  135.0000   -0.0015
   36.0000   -0.0015
   45.0000    0.0014
   41.0000   -0.0010
  137.0000   -0.0010
   89.0000    0.0010
   83.0000   -0.0009
    8.0000   -0.0009
   44.0000   -0.0009
  126.0000   -0.0009
   12.0000   -0.0009
  141.0000    0.0008
   67.0000   -0.0006
  119.0000    0.0006
  170.0000    0.0005
  117.0000   -0.0005
   57.0000    0.0004
  142.0000    0.0004
   85.0000   -0.0004
   97.0000    0.0004
  139.0000   -0.0004
  150.0000    0.0004
   46.0000   -0.0004
   77.0000   -0.0003
  149.0000   -0.0003
  171.0000   -0.0003
   70.0000   -0.0003
   33.0000   -0.0003
   96.0000    0.0003
   62.0000   -0.0003
   69.0000   -0.0003
   19.0000   -0.0003
  120.0000    0.0002
   74.0000   -0.0002
   72.0000   -0.0002
  148.0000   -0.0002
   75.0000    0.0002
   87.0000   -0.0002
  162.0000    0.0002
  108.0000   -0.0002
  140.0000    0.0001
   90.0000   -0.0001
   65.0000   -0.0001
  146.0000   -0.0001
   88.0000   -0.0001
   98.0000    0.0001
  129.0000   -0.0001
   61.0000   -0.0001
   81.0000   -0.0001
    2.0000    0.0001
   92.0000   -0.0001
   39.0000   -0.0001
  103.0000   -0.0001
  121.0000    0.0001
  102.0000   -0.0001
   79.0000    0.0000
  145.0000    0.0000
   31.0000   -0.0000
   29.0000   -0.0000
  175.0000    0.0000
  161.0000    0.0000
   51.0000   -0.0000
  167.0000   -0.0000
   99.0000   -0.0000
  101.0000    0.0000
    5.0000   -0.0000
   59.0000   -0.0000