x	reaction	PI_zst_up(340207)        Label							PI_zst_near(352552)	PI_z02_near(312593) PI_zst_flame(355637)  PI_z02_flame(315673)     
1	16          	 -1.00000            	 H$_2$O$_2$+M=OH+OH+M            			 -0.88278		-1.00000    	    0.72962    	  	  1.00000	   
2	27          	 0.65647             	 HCO+O$_2$=CO+HO$_2$                			 0.63880		0.62664	    	    -0.2070		  -0.56699
3	157         	 0.62088             	 CH$_2$OCH$_2$O$_2$H=OH+CH$_2$O+CH$_2$O       		 0.46158		0.0246	    	    -0.0003		  -0.0026
4	40          	 0.60151             	 CH$_2$O+OH=HCO+H$_2$O					 0.50825		0.26248     	    -1.00000		  -0.29847
5	136         	 -0.58081            	 CH$_3$OCH$_3$+HO$_2$=CH$_3$OCH$_2$+H$_2$O$_2$           -0.45853		-0.1096     	    0.0035		  0.0522
6	151         	 0.44752             	 CH$_3$OCH$_2$+O$_2$=CH$_3$OCH$_2$O$_2$    		 0.38503        	0.0274	   	    0.0188		  0.0057
7	14          	 0.40307             	 HO$_2$+HO$_2$=H$_2$O$_2$+O$_2$				 0.38976		0.27013	    	    -0.0206		  -0.2587
8	156         	 -0.36438            	 CH$_3$OCH$_2$O$_2$=CH$_2$OCH$_2$O$_2$H          	 -0.31364		-0.0442	    	    0.0006		  0.0055
9	9           	 0.25964             	 H+O$_2$+M=HO$_2$+M					 1.00000		0.0792      	    -0.78948		  -0.1046
10	42          	 -0.24787            	 CH$_2$O+HO$_2$=HCO+H$_2$O$_2$             		 -0.22663		-0.1120	    	    -0.0002		  0.0850
11	1		 -0.0174	         H+O$_2$=O+OH						 -0.0665		-0.0159	    	    0.87217		  0.0638










