x	Reaction	PI_zst_up			label						PI_zst_near	PI_z02_near PI_zst_flame
1	138         	 -1.00000            	 CH$_3$OCH$_2$=CH$_2$O+CH$_3$              		-0.34107	-0.0383	    0.0031
2	156         	 0.94744             	 CH$_3$OCH$_2$O$_2$=CH$_2$OCH$_2$O$_2$H          	0.53726		0.38376     0.0000
3	134         	 0.77044             	 CH$_3$OCH$_3$+CH$_3$=CH$_3$OCH$_2$+CH$_4$       	0.62292		0.37336	    -0.0003
4	136         	 0.70757             	 CH$_3$OCH$_3$+HO$_2$=CH$_3$OCH$_2$+H$_2$O$_2$      	0.46356		0.1934	    0.0001
5	48          	 -0.55238            	 CH$_3$+CH$_3$+M=C$_2$H$_6$+M          			-1.00000	-1.00000    -0.0046
6	47          	 0.46685             	 CH$_3$+HO$_2$=CH$_3$O+OH               		0.52423		0.29812	    0.0137             	 
7	53          	 -0.46026            	 CH$_3$+HO$_2$=CH$_4$+O$_2$                		-0.55478	-0.38234    -0.0053
8	157         	 -0.43404            	 CH$_2$OCH$_2$O$_2$H=OH+CH$_2$O+CH$_2$O       		-0.1893		-0.1127	    -0.0000
9	14          	 -0.34236            	 HO$_2$+HO$_2$=H$_2$O$_2$+O$_2$				-0.42548	-0.2268	    0.0096
10	9		 -0.0571		 H+O$_2$+M=HO$_2$+M					-0.36724	-0.1177     -0.7712
11	1		 0.0806			 H+O$_2$=O+OH						0.1884		0.0880	    1.00000


