x	Reaction	PI_zst_up(310611)        label						PI_zst_near(323476)	PI_z02_near(285026) PI_zst_flame(328615) PI_z02_flame(287599)
1	138         	 -1.00000            	 CH$_3$OCH$_2$=CH$_2$O+CH$_3$              		-0.34107	-0.0383	    	    -0.0085		 -0.1237
2	156         	 0.94744             	 CH$_3$OCH$_2$O$_2$=CH$_2$OCH$_2$O$_2$H          	0.53726		0.38376     	    0.0000		 -0.0001
3	134         	 0.77044             	 CH$_3$OCH$_3$+CH$_3$=CH$_3$OCH$_2$+CH$_4$       	0.62292		0.37336	    	    0.0012		 0.0442
4	136         	 0.70757             	 CH$_3$OCH$_3$+HO$_2$=CH$_3$OCH$_2$+H$_2$O$_2$      	0.46356		0.1934	    	    -0.0002		 -0.0138
5	48          	 -0.55238            	 CH$_3$+CH$_3$+M=C$_2$H$_6$+M          			-1.00000	-1.00000    	    0.0214		 0.4343
6	47          	 0.46685             	 CH$_3$+HO$_2$=CH$_3$O+OH               		0.52423		0.29812	    	    -0.0169 		 -0.0018
7	53          	 -0.46026            	 CH$_3$+HO$_2$=CH$_4$+O$_2$                		-0.55478	-0.38234    	    0.0122		 0.0763
8	157         	 -0.43404            	 CH$_2$OCH$_2$O$_2$H=OH+CH$_2$O+CH$_2$O       		-0.1893		-0.1127	    	    0.0000		 0.0001
9	16          	  0.1282       	 	 H$_2$O$_2$+M=OH+OH+M					0.2841		0.1053		    -0.1245		 -0.2145
10	9		 -0.0571		 H+O$_2$+M=HO$_2$+M					-0.36724	-0.1177     	    0.7031		 0.1686
11	1		 0.0806			 H+O$_2$=O+OH						0.1884		0.0880	    	    -1.00000		 -0.7481





