x	reaction	PI_zst_up(129349)	 label				PI_zst_near(133986)	PI_z02_near(120164)        PI_zst_flame(137070)       PI_z02_flame(120168)
1	151         	 -1.00000            	 CH3OCH2+O2=CH3OCH2O2      	1.0			-0.57949		   -0.0287		      -0.0629 
2	157         	 -0.68876            	 CH2OCH2O2H=OH+CH2O+CH2O   	0.68617			0.12092 		   0.0011		      0.0019
3	132         	 -0.62714            	 CH3OCH3+OH=CH3OCH2+H2O    	0.58600			0.21302		           0.51210                    0.39879
4	9           	 -0.56138            	 H+O2(+M)=HO2(+M)          	0.79667			1.0		           1.00000	              0.39737
5	27          	 -0.55043            	 HCO+O2=CO+HO2             	0.69898			0.24394			   0.2103		      0.20287
6	156         	 0.44045             	 CH3OCH2O2=CH2OCH2O2H      	-0.43720		-0.0805			   -0.0031		      -0.0050 
7	40          	 -0.36631            	 CH2O+OH=HCO+H2O           	0.41126			0.1136		           0.54257                    0.32285
8	160         	 0.30239             	 HO2CH2OCHO=OCH2OCHO+OH    	-0.23249                -0.0211			   0.0654		      0.0334
9	38		 -0.0240		 CH2O+H=HCO+H2			0.0455			0.2620		           0.46675                    1.0
10	133		 -0.0275		 CH3OCH3+H=CH3OCH2+H2		0.0440			0.3161		           0.36960		      0.99067
11	1		 0.0041			 H+O2=O+OH			-0.0066			-0.0351		           -0.73375       	      -0.66344

    
    
    
    
    
    
    
    
    
