x	reaction	PI_zst_up(207433)	 label			    PI_zst_near(222856)	PI_z02_near(192085) PI_zst_flame(225936)  PI_z02_flame(195165)
1	16          	 -1.00000            	 H2O2(+M)=OH+OH(+M)         -0.2003		-1		    -0.5465		  1
2	27          	 0.60695             	 HCO+O2=CO+HO2              0.3499		0.6014		    0.3071		  -0.5624
3	40          	 0.39581             	 CH2O+OH=HCO+H2O            0.2798		0.2610		    1.0			  -0.3865
4	14          	 0.33397             	 HO2+HO2=H2O2+O2            0.1585		0.2688		    0.1484		  -0.2912
5	136         	 -0.32661            	 CH3OCH3+HO2=CH3OCH2+H2O2   -0.0274		-0.0763		    -0.0130		  0.0483
6	156         	 -0.24582            	 CH3OCH2O2=CH2OCH2O2H       -0.0255		-0.0160		    -0.0025		  0.0024
7	157         	 0.23818             	 CH2OCH2O2H=OH+CH2O+CH2O    0.0131		0.0085		    0.0012		  -0.0011
8	151         	 0.23268             	 CH3OCH2+O2=CH3OCH2O2       -0.0044		0.0071		    -0.0082		  0.0024
9	42          	 -0.21091            	 CH2O+HO2=HCO+H2O2          -0.0294		-0.1010		    -0.0178		  0.0993
10	9           	 0.17593             	 H+O2(+M)=HO2(+M)           1.0			0.0642		    0.8398		  -0.0734
11	1		 -0.0181		 H+O2=O+OH		    -0.1808		-0.0207		    -0.4097		  0.0834


     
     
     
     
     
     
     
     
     
     
