Time		sd_Stabilization	RHOu_s		SL_s[cm/s]	x[m]		U[m/s]
#2.500e-2	1.42452e+01		1.380718e+01	62.0938		8.32520e-04	1.73307e+00
0.6e-2		4.45331e+01		1.534675e+01	38.1974		7.30225e-03	5.61582e+00
0.8e-2		4.14501e+01		1.552052e+01	35.554		6.78467e-03	5.11928e+00
1.0e-2		3.67673e+01		1.542505e+01	36.9869		6.07178e-03 	4.44009e+00
1.2e-2		3.42849e+01		1.535224e+01	38.1114		5.24170e-03	3.78563e+00
1.4e-2		2.81431e+01		1.554125e+01	35.249		4.36768e-03	3.08631e+00
1.6e-2		2.61681e+01		1.548045e+01	36.1497		3.54248e-03	2.58063e+00
1.8e-2		1.99110e+01		1.540161e+01	37.346		2.83936e-03	2.27433e+00
2.0e-2		1.69031e+01		1.371568e+01	67.6623		2.05811e-03	1.52683e+00
2.2e-2		1.51741e+01		1.372491e+01	66.6946		1.26709e-03	1.73858e+00
2.4e-2		1.52795e+01		1.368426e+01	71.0883		8.42285e-04	1.88397e+00
2.6e-2		1.42420e+01		1.358092e+01	83.0946		8.91113e-04	1.77878e+00
2.8e-2		1.71499e+01		1.366669e+01	73.069 		1.50635e-03	2.32323e+00
3.0e-2		2.00410e+01		1.351522e+01	90.7942		2.92236e-03	2.99749e+00
3.2e-2		2.85511e+01		1.558350e+01	34.6345		4.39209e-03	3.78838e+00
3.4e-2		3.06968e+01		1.549309e+01	35.9608 	5.25146e-03	4.26470e+00
3.6e-2		3.56474e+01		1.537931e+01	37.6902		6.08154e-03	4.92862e+00
3.8e-2		4.18890e+01		1.554739e+01	35.1592		6.78955e-03	5.52781e+00
4.0e-2		4.30183e+01		1.540521e+01	37.2907		7.29736e-03	5.80689e+00
4.2e-2		4.36960e+01		1.556613e+01	34.8861		7.57080e-03	5.96444e+00
4.4e-2		4.53971e+01		1.544758e+01	36.6445		7.57080e-03	5.96444e+00
4.6e-2		4.45343e+01		1.534675e+01	38.1974		7.30225e-03	5.61585e+00